{
  "nbformat": 4,
  "nbformat_minor": 0,
  "metadata": {
    "colab": {
      "name": "DiabetesRegression.ipynb",
      "version": "0.3.2",
      "provenance": [],
      "include_colab_link": true
    },
    "kernelspec": {
      "name": "python3",
      "display_name": "Python 3"
    }
  },
  "cells": [
    {
      "cell_type": "markdown",
      "metadata": {
        "id": "view-in-github",
        "colab_type": "text"
      },
      "source": [
        "<a href=\"https://colab.research.google.com/github/AstroNoodles/Mini-Projects/blob/master/DiabetesRegression.ipynb\" target=\"_parent\"><img src=\"https://colab.research.google.com/assets/colab-badge.svg\" alt=\"Open In Colab\"/></a>"
      ]
    },
    {
      "metadata": {
        "id": "5j6rxMSYgQuT",
        "colab_type": "text"
      },
      "cell_type": "markdown",
      "source": [
        "# Diabetes Linear Regression\n",
        "\n",
        "This Jupyter notebook will be used to test my skills on linear regression based on the [diabetes dataset](https://www4.stat.ncsu.edu/~boos/var.select/diabetes.html), readily available in the Sci-kit Learn Python library.\n",
        "\n",
        "To first bring some context to the data, it was collected by Bradley Efron, Trevor Hastie, Iain Johnston and Robert Tishiranie in 2004 as an analysis of their new 'Least Angle Regression' (LARS) algorithm designed to outcompete previous linear regression methods (such as Lasso regression). \n",
        "\n",
        "The outline of this notebook will be as follows\"\n",
        "* Receiving the data from Scikit-Learn\n",
        "* Doing introductory preprocessing and visualization\n",
        "* Testing out various regression methods (LARS, Lasso, Linear, Polynomial, SVR)\n",
        "* Finding their accuracy using RMSE [Root Mean Squared Error] \n",
        "* Use of grid search to increase accuracy and deep learning (Tensorflow) to decrease the loss over time...\n",
        "\n"
      ]
    },
    {
      "metadata": {
        "id": "XZGar1NmgM6I",
        "colab_type": "code",
        "colab": {}
      },
      "cell_type": "code",
      "source": [
        "import numpy as np\n",
        "import matplotlib.pyplot as plt\n",
        "import seaborn as sns\n",
        "from sklearn.datasets import load_diabetes\n",
        "from sklearn.svm import SVR\n",
        "from sklearn.metrics import mean_squared_error\n",
        "from sklearn.linear_model import LinearRegression, LassoCV, LassoLarsCV, Ridge\n",
        "from sklearn.model_selection import train_test_split\n",
        "\n",
        "\n",
        "%matplotlib inline"
      ],
      "execution_count": 0,
      "outputs": []
    },
    {
      "metadata": {
        "id": "_bwxWrsvlCYV",
        "colab_type": "text"
      },
      "cell_type": "markdown",
      "source": [
        "# Preprocessing\n",
        "\n",
        "According to the source page, there is a sample size of 442 individuals in the data with 10 features and 1 target value. In the numpy array that will be downloaded, these features are \n",
        "* Age\n",
        "* Sex\n",
        "* BMI\n",
        "* Average Blood Pressure\n",
        "* Six Blood Serum measurements\n",
        "* A quantitative measure of disease progression after the baseline\n",
        "\n",
        "According to [Scikit-learn](https://scikit-learn.org/stable/datasets/index.html#diabetes-dataset), the downloaded data has already been scaled for us with a centered mean and with the standard deviation * 442. Therefore, we don't have to scale the data and can proceed to explore it and use it for modelling!"
      ]
    },
    {
      "metadata": {
        "id": "dDbqU6O2rT_2",
        "colab_type": "code",
        "outputId": "b504923c-f3fd-4544-b4e7-ec23b9b89420",
        "colab": {
          "base_uri": "https://localhost:8080/",
          "height": 306
        }
      },
      "cell_type": "code",
      "source": [
        "db_data = load_diabetes()\n",
        "print(f\"Diabetes Features: {db_data.feature_names} \\n\")\n",
        "print(f\"Diabetes Data: \\n {db_data.data[:5]} \\n\")\n",
        "print(f\"Diabetes Target: \\n {db_data.target[:5]} \\n\")"
      ],
      "execution_count": 0,
      "outputs": [
        {
          "output_type": "stream",
          "text": [
            "Diabetes Features: ['age', 'sex', 'bmi', 'bp', 's1', 's2', 's3', 's4', 's5', 's6'] \n",
            "\n",
            "Diabetes Data: \n",
            " [[ 0.03807591  0.05068012  0.06169621  0.02187235 -0.0442235  -0.03482076\n",
            "  -0.04340085 -0.00259226  0.01990842 -0.01764613]\n",
            " [-0.00188202 -0.04464164 -0.05147406 -0.02632783 -0.00844872 -0.01916334\n",
            "   0.07441156 -0.03949338 -0.06832974 -0.09220405]\n",
            " [ 0.08529891  0.05068012  0.04445121 -0.00567061 -0.04559945 -0.03419447\n",
            "  -0.03235593 -0.00259226  0.00286377 -0.02593034]\n",
            " [-0.08906294 -0.04464164 -0.01159501 -0.03665645  0.01219057  0.02499059\n",
            "  -0.03603757  0.03430886  0.02269202 -0.00936191]\n",
            " [ 0.00538306 -0.04464164 -0.03638469  0.02187235  0.00393485  0.01559614\n",
            "   0.00814208 -0.00259226 -0.03199144 -0.04664087]] \n",
            "\n",
            "Diabetes Target: \n",
            " [151.  75. 141. 206. 135.] \n",
            "\n"
          ],
          "name": "stdout"
        }
      ]
    },
    {
      "metadata": {
        "id": "hDUWa_z8rbH8",
        "colab_type": "code",
        "outputId": "65fcae80-e26d-4471-a172-63d9ffd1f906",
        "colab": {
          "base_uri": "https://localhost:8080/",
          "height": 2057
        }
      },
      "cell_type": "code",
      "source": [
        "# Let's split the data now and shuffle it\n",
        "X_train, X_test, y_train, y_test = train_test_split(db_data.data, db_data.target, random_state=42)\n",
        "print(X_train[:20])\n",
        "\n",
        "# Let's do a correlation visualization using a sample of the training data\n",
        "l = np.corrcoef(X_train[:20])\n",
        "l"
      ],
      "execution_count": 0,
      "outputs": [
        {
          "output_type": "stream",
          "text": [
            "[[-0.00551455 -0.04464164  0.04229559  0.04941532  0.02457414 -0.02386057\n",
            "   0.07441156 -0.03949338  0.05228     0.02791705]\n",
            " [ 0.06350368 -0.04464164 -0.05039625  0.10794412  0.03145391  0.01935392\n",
            "  -0.01762938  0.02360753  0.05803913  0.04034337]\n",
            " [ 0.0090156  -0.04464164  0.05522933 -0.00567061  0.05759701  0.04471895\n",
            "  -0.00290283  0.02323852  0.05568355  0.10661708]\n",
            " [ 0.01628068  0.05068012  0.01427248  0.00121513  0.00118295 -0.02135538\n",
            "  -0.03235593  0.03430886  0.07496834  0.04034337]\n",
            " [-0.08906294 -0.04464164 -0.01159501 -0.03665645  0.01219057  0.02499059\n",
            "  -0.03603757  0.03430886  0.02269202 -0.00936191]\n",
            " [-0.0382074  -0.04464164 -0.0105172  -0.03665645 -0.03734373 -0.01947649\n",
            "  -0.02867429 -0.00259226 -0.01811827 -0.01764613]\n",
            " [-0.07453279  0.05068012 -0.00943939  0.01498661 -0.03734373 -0.02166853\n",
            "  -0.01394774 -0.00259226 -0.03324879  0.01134862]\n",
            " [-0.07090025 -0.04464164 -0.00405033 -0.04009932 -0.06623874 -0.07866155\n",
            "   0.05232174 -0.0763945  -0.05140054 -0.03421455]\n",
            " [ 0.01264814 -0.04464164  0.01535029 -0.03321358  0.04108558  0.03219301\n",
            "  -0.00290283 -0.00259226  0.04506617 -0.06735141]\n",
            " [-0.00551455 -0.04464164  0.02397278  0.00810087 -0.03459183 -0.03889169\n",
            "   0.02286863 -0.03949338 -0.01599827 -0.01350402]\n",
            " [-0.03457486 -0.04464164 -0.0374625  -0.06075654  0.02044629  0.04346635\n",
            "  -0.01394774 -0.00259226 -0.03075121 -0.07149352]\n",
            " [ 0.04170844  0.05068012 -0.03207344 -0.02288496 -0.04972731 -0.04014429\n",
            "   0.03023191 -0.03949338 -0.12609739  0.01549073]\n",
            " [ 0.0090156   0.05068012  0.01858372  0.03908671  0.01769438  0.01058576\n",
            "   0.019187   -0.00259226  0.01630495 -0.01764613]\n",
            " [ 0.04170844  0.05068012 -0.01590626  0.01728186 -0.03734373 -0.01383982\n",
            "  -0.02499266 -0.01107952 -0.04687948  0.01549073]\n",
            " [ 0.06713621  0.05068012 -0.00620595  0.0631868  -0.04284755 -0.09588471\n",
            "   0.05232174 -0.0763945   0.0594238   0.05276969]\n",
            " [-0.00551455 -0.04464164  0.00888341 -0.05042793  0.0259501   0.04722413\n",
            "  -0.04340085  0.07120998  0.01482271  0.00306441]\n",
            " [ 0.02354575  0.05068012 -0.0374625  -0.04698506 -0.0910059  -0.07553006\n",
            "  -0.03235593 -0.03949338 -0.03075121 -0.01350402]\n",
            " [ 0.03444337  0.05068012 -0.00943939  0.05974393 -0.03596778 -0.00757685\n",
            "  -0.07653559  0.07120998  0.0110081  -0.02178823]\n",
            " [-0.10722563 -0.04464164 -0.07734155 -0.02632783 -0.08962994 -0.09619786\n",
            "   0.02655027 -0.0763945  -0.0425721  -0.0052198 ]\n",
            " [ 0.06350368  0.05068012 -0.00189471  0.06662967  0.09061988  0.10891438\n",
            "   0.02286863  0.01770335 -0.03581673  0.00306441]]\n"
          ],
          "name": "stdout"
        },
        {
          "output_type": "execute_result",
          "data": {
            "text/plain": [
              "array([[ 1.        ,  0.1849393 ,  0.27395446, -0.21866944, -0.07803362,\n",
              "         0.00364391, -0.19229924,  0.68496863,  0.11363032,  0.80022591,\n",
              "        -0.28623317, -0.24469628, -0.00763716, -0.48743326,  0.4680535 ,\n",
              "        -0.4099333 , -0.31531307, -0.59010308,  0.56990591, -0.39296481],\n",
              "       [ 0.1849393 ,  1.        ,  0.15995061,  0.06874954, -0.04055478,\n",
              "        -0.13884852, -0.33675423, -0.43314416,  0.02034285, -0.01320061,\n",
              "        -0.15679048, -0.29351755, -0.17974083,  0.01858431,  0.21101902,\n",
              "         0.01571569, -0.22347876,  0.3166539 , -0.04740039,  0.15562371],\n",
              "       [ 0.27395446,  0.15995061,  1.        ,  0.1401092 ,  0.51704947,\n",
              "         0.55990084, -0.29435224, -0.13130396,  0.16187208,  0.02913434,\n",
              "         0.04843049, -0.45729365, -0.78094447, -0.4792904 , -0.24002355,\n",
              "         0.5422139 , -0.47457095, -0.40518456, -0.07378371, -0.28417978],\n",
              "       [-0.21866944,  0.06874954,  0.1401092 ,  1.        ,  0.14098219,\n",
              "         0.1519748 ,  0.20495818, -0.33982492, -0.15869445, -0.33715152,\n",
              "        -0.47277823, -0.28544021, -0.04669614,  0.13240844,  0.3058305 ,\n",
              "         0.11127901,  0.47955479,  0.4827881 , -0.03133053, -0.61298534],\n",
              "       [-0.07803362, -0.04055478,  0.51704947,  0.14098219,  1.        ,\n",
              "         0.67530963,  0.08027655, -0.27366788,  0.36713494, -0.41524571,\n",
              "         0.51191749, -0.76028598, -0.34960964, -0.72609412, -0.70424223,\n",
              "         0.74001042, -0.67393375, -0.08429399, -0.11735748, -0.15435694],\n",
              "       [ 0.00364391, -0.13884852,  0.55990084,  0.1519748 ,  0.67530963,\n",
              "         1.        , -0.04233723, -0.01305101,  0.16181075,  0.05720058,\n",
              "         0.14772326, -0.47980436, -0.65026417, -0.48742019, -0.4845654 ,\n",
              "         0.69961987, -0.34324683, -0.01027897, -0.05511479, -0.52192999],\n",
              "       [-0.19229924, -0.33675423, -0.29435224,  0.20495818,  0.08027655,\n",
              "        -0.04233723,  1.        ,  0.21467855, -0.7235403 , -0.15875116,\n",
              "        -0.38716005,  0.25754941,  0.38790175,  0.33959055,  0.09250786,\n",
              "        -0.35691499,  0.27480591,  0.25424249,  0.48763332, -0.11302105],\n",
              "       [ 0.68496863, -0.43314416, -0.13130396, -0.33982492, -0.27366788,\n",
              "        -0.01305101,  0.21467855,  1.        , -0.22320808,  0.76350127,\n",
              "        -0.30093157,  0.29605381,  0.15679856, -0.1614707 ,  0.42883721,\n",
              "        -0.585256  ,  0.0863411 , -0.60501245,  0.75350147, -0.39437568],\n",
              "       [ 0.11363032,  0.02034285,  0.16187208, -0.15869445,  0.36713494,\n",
              "         0.16181075, -0.7235403 , -0.22320808,  1.        , -0.05555399,\n",
              "         0.71149962, -0.64042834, -0.02291152, -0.68667156, -0.43316589,\n",
              "         0.49180449, -0.53017736, -0.22939426, -0.55523896,  0.11516907],\n",
              "       [ 0.80022591, -0.01320061,  0.02913434, -0.33715152, -0.41524571,\n",
              "         0.05720058, -0.15875116,  0.76350127, -0.05555399,  1.        ,\n",
              "        -0.42983373,  0.12280132,  0.03596559, -0.11081123,  0.49367344,\n",
              "        -0.49227271, -0.01268888, -0.37308026,  0.42987591, -0.36385353],\n",
              "       [-0.28623317, -0.15679048,  0.04843049, -0.47277823,  0.51191749,\n",
              "         0.14772326, -0.38716005, -0.30093157,  0.71149962, -0.42983373,\n",
              "         1.        , -0.31697243, -0.095177  , -0.51491738, -0.81756762,\n",
              "         0.60779402, -0.61556807, -0.26167132, -0.49255053,  0.52754168],\n",
              "       [-0.24469628, -0.29351755, -0.45729365, -0.28544021, -0.76028598,\n",
              "        -0.47980436,  0.25754941,  0.29605381, -0.64042834,  0.12280132,\n",
              "        -0.31697243,  1.        ,  0.13847006,  0.78218969,  0.33731485,\n",
              "        -0.53116176,  0.62450676, -0.02282662,  0.21652279,  0.28105099],\n",
              "       [-0.00763716, -0.17974083, -0.78094447, -0.04669614, -0.34960964,\n",
              "        -0.65026417,  0.38790175,  0.15679856, -0.02291152,  0.03596559,\n",
              "        -0.095177  ,  0.13847006,  1.        ,  0.25384889,  0.27644241,\n",
              "        -0.63527966,  0.24394232,  0.24924029,  0.06414504,  0.25753949],\n",
              "       [-0.48743326,  0.01858431, -0.4792904 ,  0.13240844, -0.72609412,\n",
              "        -0.48742019,  0.33959055, -0.1614707 , -0.68667156, -0.11081123,\n",
              "        -0.51491738,  0.78218969,  0.25384889,  1.        ,  0.39973718,\n",
              "        -0.45695977,  0.77299108,  0.51653281, -0.04137152,  0.25880149],\n",
              "       [ 0.4680535 ,  0.21101902, -0.24002355,  0.3058305 , -0.70424223,\n",
              "        -0.4845654 ,  0.09250786,  0.42883721, -0.43316589,  0.49367344,\n",
              "        -0.81756762,  0.33731485,  0.27644241,  0.39973718,  1.        ,\n",
              "        -0.81204114,  0.63090257,  0.00381581,  0.55459299, -0.39966529],\n",
              "       [-0.4099333 ,  0.01571569,  0.5422139 ,  0.11127901,  0.74001042,\n",
              "         0.69961987, -0.35691499, -0.585256  ,  0.49180449, -0.49227271,\n",
              "         0.60779402, -0.53116176, -0.63527966, -0.45695977, -0.81204114,\n",
              "         1.        , -0.48463291,  0.08487903, -0.60054545,  0.012364  ],\n",
              "       [-0.31531307, -0.22347876, -0.47457095,  0.47955479, -0.67393375,\n",
              "        -0.34324683,  0.27480591,  0.0863411 , -0.53017736, -0.01268888,\n",
              "        -0.61556807,  0.62450676,  0.24394232,  0.77299108,  0.63090257,\n",
              "        -0.48463291,  1.        ,  0.37362929,  0.15451938, -0.26589142],\n",
              "       [-0.59010308,  0.3166539 , -0.40518456,  0.4827881 , -0.08429399,\n",
              "        -0.01027897,  0.25424249, -0.60501245, -0.22939426, -0.37308026,\n",
              "        -0.26167132, -0.02282662,  0.24924029,  0.51653281,  0.00381581,\n",
              "         0.08487903,  0.37362929,  1.        , -0.3622246 ,  0.04166685],\n",
              "       [ 0.56990591, -0.04740039, -0.07378371, -0.03133053, -0.11735748,\n",
              "        -0.05511479,  0.48763332,  0.75350147, -0.55523896,  0.42987591,\n",
              "        -0.49255053,  0.21652279,  0.06414504, -0.04137152,  0.55459299,\n",
              "        -0.60054545,  0.15451938, -0.3622246 ,  1.        , -0.4388066 ],\n",
              "       [-0.39296481,  0.15562371, -0.28417978, -0.61298534, -0.15435694,\n",
              "        -0.52192999, -0.11302105, -0.39437568,  0.11516907, -0.36385353,\n",
              "         0.52754168,  0.28105099,  0.25753949,  0.25880149, -0.39966529,\n",
              "         0.012364  , -0.26589142,  0.04166685, -0.4388066 ,  1.        ]])"
            ]
          },
          "metadata": {
            "tags": []
          },
          "execution_count": 36
        }
      ]
    },
    {
      "metadata": {
        "id": "4eZP_nWgtE3Q",
        "colab_type": "code",
        "outputId": "e4299099-ef12-4635-d64b-01017b69ae10",
        "colab": {
          "base_uri": "https://localhost:8080/",
          "height": 311
        }
      },
      "cell_type": "code",
      "source": [
        "sns.heatmap(l, xticklabels=db_data.feature_names, yticklabels=db_data.feature_names)\n",
        "plt.xlabel(\"Diabetes Features\")\n",
        "plt.ylabel(\"Diabetes Features\")\n",
        "plt.title(\"Correlation Matrix on Diabetes Dataset\")"
      ],
      "execution_count": 0,
      "outputs": [
        {
          "output_type": "execute_result",
          "data": {
            "text/plain": [
              "Text(0.5, 1.0, 'Correlation Matrix on Diabetes Dataset')"
            ]
          },
          "metadata": {
            "tags": []
          },
          "execution_count": 34
        },
        {
          "output_type": "display_data",
          "data": {
            "image/png": "iVBORw0KGgoAAAANSUhEUgAAAXYAAAEVCAYAAAD0Ps6RAAAABHNCSVQICAgIfAhkiAAAAAlwSFlz\nAAALEgAACxIB0t1+/AAAADl0RVh0U29mdHdhcmUAbWF0cGxvdGxpYiB2ZXJzaW9uIDMuMC4yLCBo\ndHRwOi8vbWF0cGxvdGxpYi5vcmcvOIA7rQAAIABJREFUeJzt3XecVNX5x/HP7lJEEEWDYkEhCTyR\nGAuisaCgEjWWYMHEFmNJ/Nk1agxGbFEsGGOMJfbYosESS4wFCWI0WDFqbA8oYrDE2ACDIrC7vz/O\nXRjG2Zl7LruzM5Pv+/Wal7tz73PvmR185sy55z6nrrm5GRERqR31Hd0AERFpW0rsIiI1RoldRKTG\nKLGLiNQYJXYRkRqjxC4iUmM6dXQDqo2Z1QE/BQ4GOhP+hg8BJ7v7nHY6Zz/gdXcv+n6ZmQGrufvf\nzGx3YFd3P7iN2jAZ+Aawprs35jy/P3ATsI27Ty5xjJ+4+9WtbLsRuN3d/9wW7U0jeU0DgblAd+Ad\n4FJ3vznZnupvaGbNQF93fzvi3Ivfq4zNzz1WP+BNwAmdtW7AFOAMd381RfwOwKvu/q9lbUuBY7f6\nnkv7UY893nnAD4Ad3N2A9YEuwH1J0u9IuwNbA7j7XW2V1HMsALbLe24fYFapQDNrAC5obbu7H1DO\npJ7jJHf/hrv3BY4Efm5mJydtao+/YYvF71UbaUxex0CgHzAZ+FvyAVLKT4G127AtQOn3XNqPeuwR\nzGxl4BhgI3d/B8Dd55nZUcB3gDoz6wr8BtgGaALuJySPRjObCVwH7JfsfyPwd2AP4BDgFeAS4NuE\n9+Ysd/99Xhvqk31GED5QHid8e9gROBlYYGa9gH8C+7v7iKTdVwAbAI3ADe5+fnK8ZuAA4HigDzDO\n3S9q5U/wACGRT8j5e/QHZuS0b3PgUkIPuAk4xt0nAg8DK5rZa8B3gd/nvfZzgGuAz4ExwMbu3mRm\nVwFz3P1nBd6LtnhNi7n7VDPbA/iHmV1OSL4tf8PVgBsISbMrcIm7/zonfB8zOwBYETjP3S9P2nJo\n0o7lgCcI79UIct4rdz+h0H7u/rmZDQMuSp6vA05z99tLvI5G4HdmtiZwOrBva+03s7MIH9brmtlJ\nwJ8J782GhH9fd7r7iclr2Ss5XgOwkPDeTjaztYDfAS0fIse6+wPkvefu/map90DahnrscTYD3nb3\n13KfdPf57v5nd28CjgP6At8EBgNbEZJhi7Xc3XK+9m4MfNPdpwAXEpLhNwjJ/UwzWy+vDbsnx1wP\nWDeJ/0HS270LuNjdT8iLOQf4JPmGMRQ4wsyG5mz/prtvBHwPOCfpaRVyH7CjmS2X/D4KuCdvn6uA\nC9z9G4RvN1ckzx/Mkl5ly//gua8dAHe/E/gX8GMz2wjYlpBM8rXVa1qKu09Pzr9Z3qYxwJvJ69oO\nONfM+uZsX8fdvwVsD1xoZr3NbCvgLGBbd+8HzCF8WC/1XrW2X3LcXwE/dfdByWvZPc3rSNxL6GC0\n2n53P5UwBLWfu48HDgdWIPwbHAwcmPN3vRzY2d3XBY5I2gPhA+P55NvCTsDNZrYKhd9zKQMl9jgr\nA++X2Gdn4Cp3X+TunwN/IPzP3uK+vP3vTz4QAHYl/M/e5O4fAH8i9GgXSxLfEHdf6O7zgWeAr6Zo\n0+VJ/MfJcXPbdFPy3+cIPcNVWznOp4RvCDsnv+8NjM/bZ0PgtuTnx0q0Lfe15zoS+DmhF3iku39W\nYJ+2ek2FzCX0vHMdAxydnG8G8G/Ct5UWNybbXgNeI3xo7QqMd/d3k32uIO/9TBTb7z/AAWb2DXef\n7u77ZnwdpdpPsu1CYKS7N7v7J8DLLHkP/wMcZmbruPvj7n68mXUnfHhclMS/Tnjfd84/tpSPhmLi\nfAisWWKf3sAnOb9/wtJJ5eO8/XN/Xwm4zcwWJb93A5b62m1mvYFLzGwwoXffhzD0E9umNXJ+nwPh\nK3wyJFusd3sr4av9FKCPuz+fN4y7H3CMma2QHKfYdYf8vwVJO942syeBLQlf5wtpy9eUrx8hifXL\neW4TQi93bcLQz+os3TH6IO/cvQjv5+5m1vKBU08Y3shXbL+DCb3tiWb2OeEi/R2RryNN+wEwswHA\nr83sG8l+fQlDMxB66GOAqWY2i/DtdDrhPZ6S8++gBzApZRulHSixx3kSWM3MBrv7cy1Pmlln4Axg\nLKFHv0pOzCqU7uW3eBfYzd1fyn0ymfXQYixhfPNb7v6Fmf0hxXFb2tQy/BPTpnz3E3rS+/HlD501\ngauBbycJfwAwLfYEZrYBYRjgecLQwGUFdmvL15R77qGEHv7TLJ3Ybyb0Sq9w92YzeycvdGXCzBQI\nSf1jwvt5Q8sYdRGt7ufu7xN62kcnif9PZvagu/83xcsZRXI9JEX7W1wGTCX8O2w0s7/ntOUN4KDk\nOs8BwC3AOoQPgCH5bcr7dytlpKGYCO4+GxgH3GhmXwcws+UJ48obJUMG9wGHmFlD8jX1h8BfUp7i\nHuCw5LidzOyipGeea1Xgn0lS34DQq+2RbFtI6P3luw84NDnuVwhf89O2aSnJ8M+DwIl8eRimNzAP\neM3MOuWcs0fStvqkJ9+qJGlcRbiQeAwwJvnAaLfXlHPuDQgXt8cUGP5ZFZiaJMUfES4O98jZvm9y\njG8AXycMkd0L7JF8y8LMRprZz5P9c9+rgvuZWWczm2xmqyf7TU3iCg1f5b6OBjM7gjDEMzZF+3Pb\nsirwjySpfwcYAPRIrhk8bGY9k+GzJ4Fmd19E+Lu3/Ltd3syuS64/pHrPpe0psUdy9zMIiedeM3PC\n/2zvs2RM9BLC9L+XgWcJCajoLIYcpxJmEXgS3wC8mLfPhYRxzlcJY9EnEC407kWY0XCYmeV/VR8D\n9EpmJ/yNMGvj6ZRtKuRW4AN3fyXv+RcIPfpphJkdfyYkgEeB9wjj8/8ysy2KHPsI4D13fyC5wHwZ\nYZZNvrZ6TePM7DUz+xdhXP4sdy90vlOBu8zsRUJCvBK42sy+lmyfaWbPE+5pOMbdP06+1Z0DTE7e\nr+NZcrF58XvV2n7uvpAwU+ivZvYK4e94dCvXHBqS1/Ea4WLoDsDW7v5WivbfAfzRzI4HziZc/H0J\nGAacmTwGEj7Qn0na8kfCbCYI36qGJed+Dpjh7rNI/55LG6tTPXYRkdqiHruISI1RYhcRqTFK7CIi\nNUaJXUSkxlTlPPbD6vpFX/G9/I2093Qssej9t0rvVMA/18qvk1Va356do2N6dsn2uTx99oLomP/u\n973SO+UZcst10TEAD2w0Mjqm8yN/zXSuHl3i/xcYskb36JjRD0yPjgEYMzP+b3jTkKMynWudlbpF\nx1z1WHylgMteuTg6BuDB/c7PFHfU5v2XqThfTL65onlmRxcCBNRjFxGpOVXZYxcRKZeGiuiDx1Fi\nFxEpokt99WV2JXYRkSIa6pTYRURqioZiRERqjHrsIiI1Rj12EZEaox67iEiN6azELiJSWzQUIyJS\nY6pxKKYqF9pomvFsdKOP+Nqo6PNcNvOe0jsV0NhzteiYzzr3jI75eH5jdAzAk7PmRMe8+XGhRXuK\nO3Gz1UvvVEBjfXzdnFmfxte/AZj+0efRMf0z1FT5es9syaHTrOejYxb13TDTuV78aFHpnfKsP+3u\n6Jh53/5BdAzAirPfyBTX0Pdby5SZf73CwNT55vhPp1XEp4B67CIiRVRjj12JXUSkCJUUEBGpMbp4\nKiJSY5TYRURqjMbYRURqjHrsIiI1pq177GZ2EbAZ0Awc6+7P5Gw7EtgfaASedffjspxDS+OJiBTR\npb4u9aMUMxsGDHD3zYFDgN/mbOsJ/AzYyt2HAoPMbLMsbVZiFxEpoqEu/SOF7YC7Adz9VaBXktAB\nFiSPHmbWCVge+DhLm5XYRUSKaKirS/1IoQ/wQc7vHyTP4e7zgTOBGcBbwFPuPi1Lm6tyjH3R+29F\nx2QpD3Bkv5HRMQCXvv1AdMynvzslOqb503nRMQA9D7s4OmbfDeLLA3T6cEZ0DACr9IsO6d91YaZT\n3TQzvkP00/tei47ZdfsB0TEAozYYFB2z+ulHZDrX7cNGR8dMWXlYdMw+TdnKmEyYt2qmuO9milqi\nvn1nxSw+eNJz/wUwEJgLTDKzDdz9hdiDVmViFxEpl7q2nRbzLkkPPbEG8F7y87rADHf/EMDMHgM2\nBqITu4ZiRESKaOjSkPqRwgRgFICZDQbedfdPk20zgXXNrKXK3BBgepY2q8cuIlJEW/bY3X2KmU01\nsylAE3CkmR0IzHH3u8zsAuARM1sETHH3x7KcR4ldRKSI+ja+Q8nd8y9mvJCz7UrgymU9hxK7iEgR\ndfXVN2KtxC4iUkRb99jLQYldRKSINp4VUxZK7CIiRaSc7VJRlNhFRIqoq8IVlKpyMeups2ZHN/pb\nPeZHn6f+s0+iYwCOWiv+XrdLZ/0lOqauuSk6BqDu87nRMX+ct050zMZrxi/QDTD1nfj2Pf92/ALd\nANsM+Ep0zOZrrRAd02PurOgYgMbXnoqOqR+0ZaZzfXzjbzLFxVruyHGZ4na7+pnSOxXwyHFbL1Nm\n/vvQrVLnmy0ff6wiPgXUYxcRKUJj7CIiNUaJXUSkxtQ3aB67iEhNaeisxC4iUlPq1GMXEaktuvNU\nRKTG6OKpiEiN0VCMiEiN0cVTEZEao+mOZdK3Z+fomM8aukTHZFlgGrKVBziq787RMQeN6B8dA7DR\nrTdFx6zSHP/3W3vKtdExAPf22jU65phns90OP2LiLtExp/xo4+iYX932RnQMQH1D7+iYC4/bJ9O5\nTh41NjrmnmO3iI6ZPb8xOgbgqn03yhS3rDTGLiJSYzTGLiJSY7SCkohIjdEYu4hIjanvUn1psvpa\nLCJSRhqKERGpMXUNWhpPRKSmaFaMiEiNqddQjIhIbVGPXUSkxtR3rr40WX0tBnp2if8EfXfeouiY\n5k/nRccA1DU3RcdkKQ/w+4lvRscA2HIrR8dstXb837zLcttGxwAcu2LP6Jj6rx2X6Vw7TU29AP1i\nV0yYFh0z/Nt9o2Oy6vpo10xxx+66bnRMzy7xFxY/r4///wPgpL94prhr9162UgTqsYuI1BgldhGR\nGqM7T0VEaoxuUBIRqTEqKSAiUmPUYxcRqTH1KikgIlJb2npWjJldBGwGNAPHuvszBfY5F9jc3Ydn\nOUf1fccQESmjuob61I9SzGwYMMDdNwcOAX5bYJ9BwNbL0mYldhGRIurq61M/UtgOuBvA3V8FeplZ\n/h15FwLZFlxOaChGRKSINp4V0weYmvP7B8lzcwHM7EDgUWDmspykZIvNrBewhru/bGY7AJsCV7v7\nv5flxMti+uwF0TH//Pen0TE9D7s4Ogag/+evR8dsdOtN0TFZSgMAjF5hUHTMZa/Gt2/w9fF/c4Db\njo8vrzDp7e6ZzjVurZejYxbMfzE6pr7rStExAA2b7Bwdc8vat2Q61z7zn4qOqX9lueiYORPuj44B\nOP3/zs8Ut6zaeVZMXcsPZrYycBAwAlhzWQ6apsU3A2uY2QDg18BHwLXLclIRkWpRV9+Q+pHCu4Qe\neos1gPeSn7cFegOPAXcBg5MLrdHSJPbl3f1hYC/gEne/HOiS5WQiIlWnviH9o7QJwCgAMxsMvOvu\nnwK4+x3uPsjdNwN2B55z959maXKawaPuZtY7acxIM6sDemU5mYhI1WnDoRh3n2JmU81sCtAEHJmM\nq89x97va6jxpEvsfgOnANe4+y8xOBya3VQNERCpZW6956u6j8556ocA+M4HhWc9RMrG7+8VA7lXE\ni919dtYTiohUlU7VN/Jc8juGmW1gZs+a2WvJU0eb2bfbuV0iIhWhjeexl0WallwKHMySK7fjCbNj\nRERqX9tePC2LNIl9obsvnrjr7tOA+HXmRESqURUm9jQXTxeZWX9CwRrM7LvkTKoXEalllTTEklaa\nxH4CcA9gZjaHcKvrAe3ZKBGRilGFF0/TJPYP3X39ZC77F+4+t70bVcp/9/tedMybp1wdHbPvBqtH\nxwD8cdY60TGrNMf/49lq7Ww9iSzlAY5c94fRMde89Y/oGICZQ4dHx6x5d7bb1Js+ii970HWznaJj\nXu8WXyYBoM+946Jjxi+Mbx/AvntuEh2zw61vRceMvvHJ6BgAH/5BprijNu+RKa5FW093LIe089i3\ndfdsf1URkWpWo0Mx08zsRmAKsLj6lrtf126tEhGpFBV0UTStNIm9K9AI5M9dV2IXkZqXsrhXRUlz\n5+lB5WiIiEhFqsWhGDObRTLVMZe7r90uLRIRqSB1NTorZmjOz10ISzst3z7NERGpMLXYY3f3/PlM\n083sIVRWQET+B9TkdEcz2zbvqb7A19qnOSIiFaYWL54Cp+b83ExYdPWw9mmOiEiFqdHE/kt3fyT3\nCTPbrZ3aIyJSUeo6de7oJkRrNbGbWT/CkMuvzOx4lhT+6gz8Bri73VvXiiG3xE+hH7zCqtExnT6c\nER0DsGDN+NvH154Svz54l+XyR8nSGXx9/G30WcoDXLvORtExAGPnvhId8/KIEZnOtd2osdExD2w8\nMDpm/wsei44B2G1ofFmma5++uPROBfzk4UOiY8aO/GZ0zAU9Lo+OAfhj/6ZMccusrrYunq4O/ADo\nB5yW83wTcEU7tklEpHLUUmJ39yeAJ8zsfndfqnduZlu0e8tERCpAcy0l9hyTzOwI4CvJ712Bg4A1\n2q1VIiKVogoTe5oWjwfWJyTzFYBdgMPbs1EiIhWjri79o0KkSezLufthwFvu/jNgG+D77dssEZHK\n0NzQKfWjUqRJ7F3NrDtQb2aruPvH6AYlEflfUVef/lEh0nzE3Aj8BLgGeNXMPgCmt2urREQqRQUl\n7LTS1IpZPLXRzP4KrAo8356NEhGpGLWY2M2sF3AKsJq7/9DMBgNvA1oqT0RqXjVOd0zT4muAfwFf\nTX7vCtzQbi0SEakkVTjGXtfc/KU1NJZiZn9z963N7BF33yZ5brK7Dy9HAwu5d/X1ije6gBEzno0+\nT0PjF9ExAHdOj79l/52586Njjt2gZ3QMwJsLlouOmTl0eHTMkKmPR8cAnNJzUHRM34kTMp3r54Pi\np6g19ugdHfP+wmwzJjpd/rPomHPWzTYbedxO8aUSbvnn+9Exo56/MjoG4E+Ds9UePHjI2ss0D3Hh\nB/9KnW869162c7WVVP/azKwzySpKZrYa0L09GyUiUimqcSgmTWK/BHgGWN3M7gU2BY5t11aJiFSK\nGl1B6XYzewLYHPgC+D93f6/dWyYiUgmqsMfeaovNbPHSd+7+NrC2u9+rpC4i/1Oq8OJpsZZsmPf7\nzu3ZEBGRStRc3yn1o1IUa0n+1d2KuNorIlJWFdQTT6tYYs+f4hM9xVBEpOq1cdVGM7sI2IyQU491\n92dyto0AzgEagfvd/aws5yiW2Ncws4Nzfl8993d3j1+fTkSk2rRhj93MhgED3H1zM1sXuI4wMaXF\nb4EdgHeAR83sTnePXiuyWIufALbKeTyZ8/PQ2BOJiFSj5rr61I8UtiNZL9rdXwV6mVlPADP7KvCx\nu89y9ybg/mT/aMWWxjsoywFFRGpK246x9wGm5vz+QfLc3OS/uTW4/kPGEumVcxk3QudH/hodM+vT\nBdEx/bsujI4BeP7tOdExxzz7m+iY+q8dFx0DMOnt+BuH17z7/uiYl0eMiI6BbOUBZo3YPtO57nlx\nSnTMZst1jo45e2K2StcPzdgqOuaBaadkOtfOs+LLF5y6y7rRMWNW2Ts6BuCkO0/PFMeQ32eLSzS1\n77yRYgfPfOKqTOwiIuXSVKKeVqR3CT3zFmsA77Wybc3kuWjR3zHMrPrm/oiIZNQc8UhhAjAKICmB\n/q67fwrg7jOBnmbWz8w6EdaXzlTdLk099gOB5YGrgMlAXzM7z91/VyKuJ3ALoWDY8sDRgAEnAbOA\nD4FJwE3Jsb8KdAZOc/dJWV6MiEhba2rDDru7TzGzqWY2BWgCjkxy7Bx3vws4HLg12X28u0/Lcp40\nQzH/BwwDdgNeArYmJOSiiZ3wleIad7/bzLYFTgY2ATYG/pscaxKwL/Ceux9iZl9Jnls/w2sREWlz\npUqbx3L30XlPvZCz7W8sPf0xkzTDKp+7+wJgJ+C2ZBpOmlf6PrCnmT0OnE/orc919/fdfR7QcgV0\nC2A3M5sM3AF0M7Muka9DRKRdNDWnf1SKtPXYLwO2BH5iZpsDaVZqOA54J1lObwhhyKUxZ3vLn2EB\nMNbdb80/gIhIR2usoISdVpoe+37AdGBXd28E+gFpljL5CvBG8vPuwCfAKmbWy8y6AcOTbU8BIwHM\nbFUzOyd160VE2llzc3PqR6UomdiTMr2vAy0ThZ8GXkxx7BuB481sAiF59wHOBh4jXFR9ltCDvw34\nb3Ix4c/JdhGRitAU8agUaWbFnA8MANYBLiVc7FyVMMulVUlhm9y7F+41s1HA1u7+sZk9BLzh7ouA\nH2dsv4hIu6qgjnhqacbYh7n7Zmb2CIC7n2Vmf894vuWBSWY2D3je3eNv+wN6dIm/r2r6R59Hx9w0\n8+PoGIBtBnwlOmbExF2iY3aamu1f3Li1Xo6OafoofoHu7UaNjY4BeCTDAtNZ7iAFeHj9LaJjRr79\nQHzMCQdExwD89sr4hakPm31mtnP9eUx0TP9D74yOGbYo/s5sgMY14v8faQuVdFE0rTQZsiUjtixm\n3ZAy7kvc/UbCEI2ISFVorMIue5oEPcXMfk8o43s8sAfwaPs2S0SkMlRhXk+1mPUpydj4Z8BawK/d\n/U/t3jIRkQrQxrViyiLNxdPzkjul7sh57hp3L3rB08zWBm4mzHzpBOwPnEZO6QDgcULd990IhXCe\nBka5+4xMr0ZEpI1VX1ovktjNbHfCsMsIM1sjZ1NnQlmBUkYBDycXWwcDB5BXOsDd1zezEwlLQT0N\n3KGkLiKVpNYunj5IKPQ+hCW3/0OYrnlGimNPAO4ys5UIvf01gK3MrGX1pW5m1sXdHzGzgwg9eq3M\nJCIVpQpHYoquoPQ58Hcz24hQobG/uz9rZvVJvZii3P0lM9uAcGPTuYR58L9opXTAKklbugOzM7wO\nEZF2UY2zYtKUFNiNsN7p9cnvl5jZIaWCzGxvYD13vxsYAyykQOmAZL9XgfMIHwAiIhWjGouApUns\nJwAbsGQtvhOBQ1PETQMuNbNJwOnAnuSVDkhqto8GznL324FvmNmmka9BRKTdNDenf1SKNPPY57j7\nZ2YGhCEaMyu5gKi7PwfkJ+lCM2k2zInZJkV7RETKpqkK58WkSewfmtmPCBc7BwM/YOmVtMtuyBrx\nizHP+CR+Meuf3vdadAzAiefvEB1zyo82jo65YkKmxVVYMD9NDbeldd1sp+iYBzYeGB0D0Nj4RXRM\nlgWmIVt5gKPW+m50zKXPXhYdA9C0YH50zBsvZ7tlf92TjokP8vh7FRv7bVh6pwLq583NFLesKqkn\nnlaaoZjDCCsfrQBcA3RDRbtE5H9EU3Nz6kelSHPn6WzgKDPrDTS7+4dpDpys47eeu5+YtjFmNhp4\n1N2fSBsjItKeFlbhShtp7jz9AXAx4QasOjNbBBydLLzaptz9vLY+pojIsqjG6Y5pxtjHAFu6+xsA\nZjYQuBNIk9j7m9n9QF/gIuAU4GrCXamvA1OBvYDp7r6fmV1PuPv0vtgXIiLSHippiCWtNGPs77Yk\ndQB3n8aSJe9KGUiYuz4c+CXhg+Q5wpj9lsBMd9+UcEfqShHtFhEpi8am9I9KUaxWzLbJj6+a2SXA\nw4RyAtsR1kBN43F3Xwh8ZGZzgbWBp9292czeB/6R7PcfYMUsL0BEpD1VY4+92FDMqXm/r5fzc9pX\nmr9fM7Ao5/fcn+OXzRERaWcLK+mW0pSK1Ypp9WYhM9sz5fE3T1ZcWplQBybbWnMiIh2ksZYSe4uk\nrvpRQMtCnl2BbQkXUEt5Dbgd+DrhwunZ2ZopItIxam0opsVNwAPArsClhIuhPywV5O7Xs6RwWIub\nc7YPKfDzgSnaIyJSNlU4jT1VYl/k7ueZ2Y7ufpmZXQvcCkxs57a1avQDaa/dLjFu+37RMbtuPyA6\nBqDH3FnRMb+6Le1EoyWGf7tvdAxAfdf4CUivd+sfHbP/BY9FxwDcefQW0TFnT4z/NwEw8oQDomOy\nlAc4asiR0TEAv7r54OiYYevtlelcE0ftGx3zzX0GR8esMDrNOj1f1r2pMVPcsqrVHns3M1sLaDKz\nrwJvAf3atVUiIhWiJsfYgXHACOAC4HnCGqa3ZDlZljIDIiIdqaZmxbRIFsoAwMxWBlZw90/atVUi\nIhWipoZizOxkdz/XzG4ibz66meHu8YOTQX6ZgdOAGwgzbRYAeyaFx0REOlxTjfXYn0v+29YXSQcC\ng4GewAuEoZ1X3f10M7sQ+BGh6JiISIerqVkx7v5Q8uNTwLcICfg5d5+5jOcsVGag5cPjCULPXUSk\nItTaUEw3wkXSDQhVGFcENjSzh4BD3D1+SaKgUJmBlmJkdQW2i4h0mIXtXN3LzDoT7vlZh9CBPsjd\nZ7Sy763AF+5+YLFjFqvueBrwDjDQ3fdy9+0J0xznA+fENj7H5mbWkCzc0VJmYKuWbcAry3BsEZE2\n1dic/pHRvsBsdx8KjAXOLbSTmX0H+FqaAxZL7EOB4919caEud/8MOALYPm2LC2gpM/BXQpmBZmBj\nM/srsD5w4zIcW0SkTZVhabztWLK+xURCSfOlmFlXwtoYqcqyFLt4uqjQcIu7LzSzTLNWCpUZMLOz\ngXPc/b9Zjiki0p7KsIJSH+ADAHdvMrNmM+uSl39PBn4HpFrRu1hiL/ZqFhXZ1u7GzLwuOqbTrD2i\nY0ZtMCg6BqDxtb9Ex9Q39M50riwaNtk5OqbPveOiY3Ybmm1GbKfLfxYd89CMrUrvVMBvrzw8OqZp\nwfzomCylAQBO3D/+3/qDh1imc+21cZ/omN6nXBod8+4vDomOAbhhVLYagsdmilqiLe88NbMfAz/O\ne/rbeb8vVcLczAYAQ9z9DDMbnuY8xRL7Fmb2rwLP17Gk0uMyc/d+bXUsEZG21paJ3d2vAa7JfS5Z\nErQP8EJyIbUur7e+M7C2mT1JmCbe28xOcvdWe1vFEnu2j/1IZrYecA9wkbvHf/yLiLSjBYvafc27\nCYS1nx8iVNF9JHeju/8G+A0ogGElAAARy0lEQVRA0mM/sFhSh+Lz2N9axsaWZGbdgUsIF1JFRCpO\nGYqAjQe+Y2aPA1+QlC83s9HAo+7+ROwB0xQBazPJoh03E+ZqdgL2B3YCfl7OdoiIpNXeid3dG4GD\nCjx/XoHnJgOTSx2z2HTH9jAKeDhZdu9YYHV3/7zMbRARSa2xqTn1o1KUtcdOGEu6y8xWAu7I8hVD\nRKScKilhp1XWHru7v0QoUfAYcK6ZZa0QKSJSFtXYYy9rYjezvQkLbdxNuItqSIkQEZEO9cWiptSP\nSlHuoZhpwBVm9l/CBdQzzGwyoQbNQjMbBezh7h+XuV0iIgVVUk88rbImdnd/Dtg07+nh5WyDiEgM\nJfYyuWnIUdExR/ZdNTpm9dOPiI4BqD/xjOiYC4/bJzqm66Ndo2MAblk7fsna8Qt3io659uls66WM\nXTf+Nv8Hpp2S6VyHzT4zOuaNl+dExwxbb6/oGMhWHmDHa7PNHr7uT3+Ojrlg3kfRMYd+Ldv/V/dt\ntFqmuGVVhloxba4qE7uISLmox56BmY0j1GPvBJzr7n/q4CaJiCxWhpICba7cNygtxcy2IcyS2RzY\nkaQegohIpWhsakr9qBSVUFKgZfBxNtDdzBqSW2xFRDpcNQ7FVEJJgXnJtkOA+5XURaSSVOMNShVR\nUsDMRhIS+7IsuSci0uYWVVDCTqvc89hfMrMNCAn8XDO7DnifsPbpju4eP49MRKQdVVJPPK1yj7Hv\nDcxw97vN7ENCL31jYITuNhWRSlSNs2I6uqTAfcAOwG1mi2/EOMDdCy3JJyJSduqxl9BKSYFstyeK\niJSBEnuZrLNSt+iYFz9aFB1z+7DR0TEAJ9wYPx3/5FFjo2OO3XXd6BiAfeY/FR2z756bRMf85OFs\nq9FfvtPA6JidZ/0s07l+++cx0THrnnRMdMzEUftGxwDstXGf6JgspQEAvthj1+iYRXfEl/d4aOQO\n0TEAj7zzWaa4EQO6Z4pr0azELiJSW5qU2OOY2fLA9cBqwHLAWe5+X0e2SUQkV3MVFgHr0JICwK7A\ns+4+DPg+8OsObo+IyFIaFzWlflSKDi8p4O7jk819gbfL2R4RkVKaKydfp9bhJQUAzGwKcAtwXJnb\nIyJSVHNzc+pHpSh3Yp8AHGBmFwJd3f1JAHffAvgecLOZ1ZW5TSIirWpqak79qBRlTezu/hKwAfAY\noaTA6WbWN9n2PGF4pnc52yQiUkxzU3PqR6Xo6JICDwC9gOPMbDWgB/BhOdskIlJMY2P1DbJ3dEmB\nTYFTzewxoBtwpLtX319RRGpWJfXE06qEkgLZbskTESkDJfYyueqxN6Nj7h04LTpmysrDomOyuufY\nLaJjenZpyHSu+leWi47Z4da3omPGjvxmdAzALf98Pzrm1F2ylVfof+id8UH+aHTIN/cZHH8eoPcp\nl0bHXDDvo0znylIe4PhR8e3b9JnvR8cA7Dcw27/3ZVVJF0XTqojEbmbdgJcId55e38HNERFZrJKm\nMaZVEYkdGAOoHruIVJxqvEGpw+88JVw0HQT8pZxtERFJo5JKBaRVCXeeXggcX+Z2iIikUo3z2Dv0\nzlNgIPCEu8dfDRURKYOm5ubUj0rRoXeeAjcAI83sSeDHhDntI8rZJhGRYqqxx97Rd55+392PSbad\nAcx094nlbJOISDHtnbDNrDNhXYp1CNcfD3L3GXn7jAWGEzrjd7n7uGLHLPdQzDTgUjObBJwO/K7M\n5xcRiVKGImD7ArPdfSgwljCasZiZrQds4+5bAlsCB5lZ0TUTK+HO05ZtZ5SzLSIiaTS1f62Y7YAb\nk58nAtflbZ8DLGdmXYEGoAkougBsR6+gJCJS0crQY+8DfACQ1MpqNrMuLRvdfRZwO/BW8rjC3ecW\nO2Cl3KAU5bJXLo6OmffD66Nj9sn4RnXdsOjwV0Gz5zdGx3xen60nMWfC/dExo298Mjrmgh6XR8cA\nXLvonuiYMavsnelcwxbNiY5p7LdhdMwKo7eOjgF49xeHRMcc+rUjMp3roZE7RMdkKQ/w9CbZ/hZv\nT3goU9xp31k5U1yL5qb4/zdbY2Y/JkwUyfXtvN+XWpPCzL4K7A58FegMTDGz8e7+n9bO09GLWQ8n\nfBK9nDz1T3c/uuNaJCKytLZM7O5+DXBN7nNmdj2h1/5CciG1zt0X5OyyCfCUu3+W7P8isB4wqbXz\nVEKP/VF3H9XRjRARKaQtE3srJgB7AQ8BuwKP5G1/nbBmRT1hjP1bwAyK6OiSAtcUjxAR6VhNCxeU\n3mnZjAe+Y2aPA18ABwKY2WhCx/cJM5sAPJ7sf427zyx2wHL32FtKCpxlZoOB7YFBZnYvsDJwprs/\nXOY2iYi0qr177O7eCBxU4Pnzcn4+nTBFPJVyJ/YJwF1mthJwB3AT8CZwG+HCwCNm9vW88SURkQ5T\nhqGYNtfRJQW2c/fx7t7s7m8A/wbWLGebRESKaW5qTP2oFGVN7ElJgfXc/W5CDfZTzezEZFsfYDXg\nnXK2SUSkmGpM7B29mPUewDlmNhLoAhyuYRgRqSRNFZSw06qEkgK7lrMNIiIxmhZVX1+zEuaxR3tw\nv/OjYw6f/UZ0zIR5q0bHAIx70KNjrtp3o+iYk/4Sfx6A0/8v/u/nwz+Ijvlj/2x3xt709mHRMSfd\nmXrCwFIa19glOqZ+XtG7uQvqnrHXd8Oos6Nj7ttotUzneuSdouVHCsqywHTWO0jf3T7+zlgAmmdm\ni2sJb1SPXUSkplTS2HlaHZ7YzWw/4CRgEXCau2vtUxGpGErskcxsFcKk+42BHsCZaFFrEakgSuwl\ntFJSYKK7fwp8ChxazvaIiJTS3NTu9djbXLnrsbeUFNgGOBboByxvZvea2WNmtl2Z2yMiUlTTogWp\nH5Wio0sKfAGsQqg1vA6hpMA67l45q8KKyP+0apzH3tElBboCU9x9UVJS4FOgdznbJCJSTHNjY+pH\npSj3GPvewAx3v9vMPgR+BPQzs/OBXoQLqB+Ws00iIsXo4mlp+SUFjgG2BlrWXTs6WfNPRKQiKLGX\n0EpJgVeBK8vZDhGRtCrpomhadc3Nuk4pIlJLyj3dUURE2pkSu4hIjVFiFxGpMUrsIiI1RoldRKTG\nKLGLiNQYJXYRkRrT4QttVDIzOxBYz91PjIgZDTzq7k9kiW/lmOsB9wAXufulKWPGAVsR3uNz3f1P\nKWKWB64HVgOWA85y9/tSnq8b8FISc32K/YcDtwMvJ0/9092PThGnhVlESlBib2Pufl5bHs/MugOX\nAH+NiNmG8IGyebKYyT+AkomdsLD4s+4+zszWAR4GUiV2YAzwcdo2Jh5191Fpd9bCLCLpVF1iN7Oe\nwC1Ad2B54GjACL24WYQiYpOAm4CrgK8SkkAXQuLpBOwPnJZs65z8/DjwBLAb8B7wNHAr0N/M7gf6\nAhcBpwBXE2rLvw5MBfYCprv7fmZ2PXBHTk83P/404AZgW2ABsKe7z855ffmLkewP7AT8vMjfpFDM\nXsnm2UB3M2tw98ZSce4+PtncF3g75bm6AYMokmRbWWSlKC3MIpJNNY6x9wGuSRbrODl5nAuMICSz\nrZL99gXeS/a7F1gtZ4GPA3K27Qb8xt0XACcC5wCHE+rFfwAMBEYCw4FfEhLMc8AmwJbATHffFNgq\nqTOfLz++DnjV3bcCnidUuMyVvxjJ6u7+eYm/SaGYecm2Q4D785N6a3EAZjaF8OF5XMqYC4HjY9sI\nDEoWWXnczL6TIqYfWphFpKRqTOzvA3ua2ePA+YTe+lx3fz9JZi1DFlsAu5nZZOB7wMpmdhGhBvwa\nOdvuALqZWRd3fwRoJvRCL0iO87i7L3T3j4C5hIVBnk4WA3mfMMwB8B9gxQLtLRQ/Mdn2RNL+XBOA\nA8zsQqCruz9JaQVjzGwkIbEfFRPn7lsQ/mY3m1ldsRjCB9cT7v5mTBsJ36jOJHzo/Qi41sy6lIhp\nWZhlD+BA4PcF2ifyP68aE/txwDvuPpTQs64Dckv9tlQ1WwCMdffh7r4JsBLwKKF3v2POtuHuPiDp\nsUNIHJ0IQz25x8s9/qKc33N/LpRkCsW3/N3r8rfnL0ZiZgcUOOZSCsWY2Q6EYaPvuvuclHGnm1nf\nZNvzhL9D72IxhGGlkWb2JPBj4FQzG1HqXMB27j7e3ZuTRVb+DaxZIkYLs4ikUI2J/SvAG8nPuwOf\nAKuYWa9kZsbwZNtThN4gZnYocJm73024yLcwZ9uqZnZO8vPehDLC5xESCcDmZtZgZr0JyT72AmGh\n+Jbhos2BV3J3TtqwXk5bh5Q6QYGYbQjfOHZx91bbWyDuROCEZNtqFFj4pEDMJe6+ibtvRhgDP8vd\nJ5KnQNypZnZisq0PYSbOOyVi1gK2NbP65EKqFmYRKaDqLp4CNwI3mtlewKXAPsDZhF7ddOBZwsW2\n2whJYAqwAtDFzCYl2/YEjk22NQBnJBdlRwPD3H2OmR1BGF55jTAt7+uEHvDZke0tFL9xcvxmwiyP\nXPmLkZyRDBn1Axaa2Shgj7yEnR9zH7ADcJvZ4pGeA9z9XyXOtSkh4T5GuCB6ZIGFTwotlpJGftwe\nwDnJcFEX4PCcb03FzqWFWURKqIl67Emym+TuH5vZQ8CZ7j6lo9tViJnNJPRC/9vBTRGRGlWNPfZC\nlgcmmdk84PlKTeoiIuVQEz12ERFZohovnoqISBFK7CIiNUaJXUSkxtTKxVNpY2bWD3DC3bEQauo8\nBvzS3T8zsx2Bjd19bJFjTAbOLjSvvZX9lwd2TFOJssRxrifcI/BeztPPu3uhEgmljrUF8G93n7Es\nbRIpJyV2KeYDdx8OYGbLEWrC3ALs5u4PAg+28fk2IsxvX6bEnrjA3UsWGkvhIGA8oMQuVUOJXVJx\n9/lmdhww3cwGEW5mGuHu+5vZ7oTqmvMJ/6Z+6O4zk9BdzewkQrmAs9z9j2bWC7iCUA5gRcIHxl3A\ntUAvMxvn7icldwRvSbhZ6tHkHKsDfyCUY+gGXOnu16V9HWb2fUJF0DpCkbcfu/tHZnY4oTjcguR1\n/IBwB+9ewKZm9lNCZc6z3X1i8o3mcXdfK/mG8AWh7s9+hLIUFxK+5XQGjnL3f5jZsYQ6RJ8lj/2T\nGkIibUpj7JKauy8k3Nn7rbxNKwE/SKow3s/SRcc6ufv2hBIOF5tZPeHu2wfdfVvCnaS/JJQHOI9Q\nzfGk5M7iNd19WFI98+vALoSE+1ryTWIY4R6GVJI6OKcQPpCGApOBXySbuwHbu/swYCYh6d5FqMB5\ngrtPKnH47kndoXcIHzyHJW08giUlin9JKPMwDPgNoRidSJtTj11irUi4vT/X+8ANSdLuw5JxeQiL\ndeDuryflDXoTesKbmFlLyeKFQP+8Y25DqLMzOee8/YEHgCOSXvJfgCtbaefPzGz/nN//ArxF6PE/\nlLSlK9BSlfIj4H4zayKUb8gdn09jCoTaQ4Se+7U55Rx6Jn+ba4EHzewO4HZ3nxZ5DpFUlNglteTi\n5oaEevRbJ891JoxBD3b36WZ2FEsXLsut5dJSzfIL4Ah3fzbv+INyfv0CuMrdf1WgHYMIvfW9CNU+\ntyzQ3C+NsSd1aZ52913ynl8L+BXwTXf/j5l96ZyJ3Lv58ksMt9S5+QL4ouXaRJ7jLaxMtRNwt5md\n4O4PtHIukcw0FCOpJAn8t4ShktwLiSsQkvfM5ALrSEJPuMV2SfxAQonjDwirVX0/eb6bmV1uZp2S\n43RO4h4H9kiex8xOM7MBZrYvsEky0+YIYO2WfVJ4hjBe3ic55l5Jsl8V+DBJ6isD2+e8htw2zSWs\nLAVhBawvSUokzzSznVped9L2XmZ2BjDL3X8HXEa4TiHS5pTYpZjeZjY5qfb4D0JiOzh3h6TK5C2E\npDmeUC5422SMHGCRmd1DuDh6TLJAyRnAAAuLpfwN+Ie7LyIsR7i1mV1HmBnzd2CKmT1BKOs7g1Dm\n+Ndm9ijwCHB+EluSu79LWInpPjP7G2ERkicJ4+jTzexpQsI9HTjIzIYShpKuNLM9CNVEx5jZwyyp\n11/IAcDJyTluIHwYfkL4EHzGzCYSrhdcnabdIrFUK0ZEpMaoxy4iUmOU2EVEaowSu4hIjVFiFxGp\nMUrsIiI1RoldRKTGKLGLiNSY/wcAKEePa1675AAAAABJRU5ErkJggg==\n",
            "text/plain": [
              "<Figure size 432x288 with 2 Axes>"
            ]
          },
          "metadata": {
            "tags": []
          }
        }
      ]
    },
    {
      "metadata": {
        "id": "D7Ej23Jbuj1O",
        "colab_type": "code",
        "colab": {}
      },
      "cell_type": "code",
      "source": [
        ""
      ],
      "execution_count": 0,
      "outputs": []
    }
  ]
}